jails: 
  huynya: 
    world: world
    x: -120.04400426750728
    y: 72.0
    z: 183.20698919153537
    yaw: -174.70372
    pitch: 28.00498
